4450946264
814730502
7829174940
9906932307
3744413148
0299622336
4390393788
27515575
6684095273
9864227942
4094762081
0172340788
3312471194
2875181524
0331655307
112382784
7218917069
3356994184
0758631490
5507239943
8983167732
9873139711
5161949391
5806794997
894088691
7249688300
5912886359
3459343340
991668921
2401046232
9273523160
6823484441
3680642758
972348272
6009803368
9428957961
8795481152
2901980529
8167313469
188935424
6815700062
5485779672
6961727480
7423285270
7131078494
6454917834
9144668656
014400061
7355327844
3603552182
4456820086
561945435
5712474474
6504777576
7922305231
9795160829
8092620093
93572130
4158999832
2481866304
9046545511
8172314373
7279191989
1806161098
619809784
5288079948
8779425367
5837460265
2713332140
1649726276
4508793186
351753865
0083988869
8548752824
5070656417
0951082273
1615678151
900298548
9581108468
5299463769
1386094149
1116488616
3187256124
180421027
3334779844
2339947275
5209408891
4948904992
5421076387
883953680
3338348600
1715737750
7637414781
5254269210
4555560242
442908583
3528515090
1440558131
4524834343
1476253356
2786032936
238274902
6291373077
8445840502
1066709832
6967172833
4335099140
1596396950
4456073569
1569959153
0014917993
5955089059
6899496126
4588206634
1612409179
7335945499
2736639611
3964315414
3768097850
8760658736
5601355114
1121744893
2690934957
9686946705
0767358543
1358938845
0648578110
0427708586
8147422920
7426556626
7309333866
2578159462
0892922636
6001310626
6977915730
1923756752
5075926753
7030585299
6395848134
662648785
3847975252
3210255419
9790291474
6384053335
1982666652
8147405799
6973026928
8202255018
6444617207
5471893683
5691814024
6220721586
8968857592
6452806503
0228727752
7007544700
0126185332
6410123543
2906532073
3217372020
7210834360
3712049806
8814128232
3468432886
4380106344
6212971406
2012968803
1138816580
1927285610
6160765460
3452415856
1501212763
4360382988
6925086480
2522383292
8500111803
4530721839
2250020615
7784336683
2436242461
5719277330
6973903063
8342425226
7879974725
2098307809
5171753877
7309245146
8450182491
0983903537
1015652841
3786266658
1925420085
9740444138
4274914342
4038476613
8333698348
0646762821
6057600526
2452659602
0506007573
4793277154
5607011304
8741510225
3035744308
1625593625
3554290869
1549085952
4143869946
6414252363
3203717902
4460179619
7300012970
9652820294
2614241079
8043324786
4494762496
8110914005
9344719054
7684994239
9332421315
2811446978
9253273494
0000914333
2784785048
588150751
1203404382
8655668780
4627640525
1034151242
8645481029
6393518800
3738270079
2957387729
4071967579
2317588354
9474246683
1522793961
1774638819
0521613403
2914708860
9168542073
7068764074
8711523112
9680545209
8417801230
8946925738
9244694241
3371081522
9001953157
4715952867
1531508484
2669950336
9852199679
5860843161
0895170341
3409820043
2006242491
3285005617
3822961754
4591264034
6402332963
9016286084
5963042873
6902250041
2224661333
8302610601
1672739769
7359287839
3299775605
3720838035
7496902702
6196032861
7781785547
8007631678
4542333099
6655198833
8848864299
8764972435
1499720012
8538015529
3535303915
5515032418
8099372553
5464836478
7897758466
2191362113
3316024793
9363059693
7177706295
0194146659
2713585798
1942815922
5274602538
9471176314
6644024108
5652783961
9491406872
6454872778
7891503034
1283153794
9631698268
4594176822
6362115799
2470525699
3659400563
8360845936
9670060580
3492670125
2490434925
4780771093
3231098118
6436550021
5656368679
0778260850
7585797696
9422553254
6064344797
5258227357
3516260564
8259307315
619269430
1743608321
5594748000
5385077534
1607606976
9579872972
2978668692
2808864982
5882769331
3812743991
6448284648
1825751165
6979605012
3303266700
2031258211
1229789141
4591486965
2754971228
1383763246
5902747877
0133635690
6805402205
0684125524
1961527417
0586401871
1224337390
8590057745
9274679928
2935236333
6371514444
1741759973
3177910967
2459378938
9361741397
4638980361
4080268739
8037185473
5640031917
7580832707
3393891293
6430751531
8429066658
7531616785
7548614093
6162706767
5954752737
8137237458
8699487398
9075076953
2893323383
8846066604
5305785274
4419738778
7912366754
3443977857
197798125
8545231602
9417269451
6923352647
7582736712
4633947091
7130272699
0258453933
6289524343
0653220014
4439702209
0512404823
5717977956
3241827477
2865818595
2185889264
4431452392
6965649383
3303851063
2320803876
5342255397
5368227781
4713360769
2779632539
7723875414
5977978538
7438900304
9759221372
3211709913
2758997557
4263798310
8749124617
7166748994
6042253077
6158454624
5912804460
6905940448
5949904361
7389666640
2980083722
6481593232
3398532743
1608042396
2902919240
7828963429
9679658972
3349815613
1824345121
2788589532
9274276913
3724956271
6445691568
9283759317
8763565754
4086727823
2392048736
3248275434
6852251339
2487106200
9696904980
9281278632
1830266625
1864355833
4378921983
7830498099
7527428093
6078443486
9958797426
5012746898
6685363532
0446076969
538875482
4797008565
9138903404
3205447198
4931505337
0308716115
2374901149
8476430547
1105058349
1310769389
4632090386
8996624482
9834246830
0491844527
4057062792
1995297333
3463834197
1838409268
9796155072
2064462273
0154720086
9888297303
0481556940
2402805371
9498963030
1873656281
8384544988
7415353594
7985081810
8247398686
8461184284
8630402141
7345234633
3591194002
3367365876
501725934
3375511056
0891473937
3548102652
5390479521
4686731617
9302555502
6446752072
1769104201
5456404706
3095412175
3239327418
3087463047
3915946414
7019991490
8514378711
3566054591
3209263749
5037399987
5832304735
0127966767
7020028430
9797676962
3150545812
6420466028
8555702698
3491287658
2753298352
4594240743
5158533517
6270235571
6801938038
3159369769
5385991456
6491478940
6652161783
6302056255
5763855223
1916992922
7394660202
1771922060
8061043027
3702083134
9931261207
3574721571
9751800374
0132197860
6995563168
6026150825
5411264977
6936963754
9586497526
2624070503
7697600855
1376783385
7595830319
6181886656
8480165359
2537463330
5370469593
8710651852
9392419474
2431052492
1165522869
4340297384
9096627922
0900117376
5164795364
0947353299
0488103815
5142499695
7329538940
576404572
4848997986
5187566931
3929874621
8528177380
9397137840
9609919277
8681354207
0444301403
0436685047
8145603705
8020778518
0652266969
3481310570
6184527396
0168483536
0737651230
6375949182
8165436532
1684190780
6639352316
1435319930
3806462095
1278274432
8088222954
8103245870
9009003779
5559331226
5687595291
7608063850
7129691728
8308157768
3734358896
8889165971
1280097856
7620348353
5563167295
1954689215
7483573774
9136210799
2396923713
2740632748
3005189768
8098307003
949297623
5055943531
8561760824
1666966916
2908969741
4965887778
9606703419
2245103611
7528659695
6261956181
0238746653
7684383011
5463765676
6368239845
7287161973
5122264302
4958532960
9157873807
1515298345
4373184610
6045398171
1645425197
2258373580
6569518384
8597863617
4522050339
8460792604
2231962795
3311875924
0289789334
9821295030
7132855561
2148391137
3377586417
8861187052
2361844802
2229969372
8214979489
0976081494
6778535602
7132321125
3745924164
7037466779
5829513486
8903496237
6067572541
2925332773
5499729832
2103598375
1755316694
7623591917
3327786800
0309138676
4364525137
0754311878
5345172011
7496842648
6045917520
9267868592
1906869465
058996918
2596067719
1591400554
2238758852
2962947176
0778572635
3963802054
9926114244
5968020403
7303403437
5999850922
2804656868
8438306501
7276122404
5472398555
8843157008
5866868870
0455292803
0591967708
4544449078
8695250158
5407431999
1090702481
6541857562
0719413843
2972173856
8810832113
4186885319
2970030657
5667180434
1846696283
5244168685
4010331735
9791377873
6149366095
6450668717
0066041182
2305155748
3712664976
9576334211
5741272574
5229982778
2559381722
3131148307
2421223797
8865119154
6071535521
5035065634
5162960005
4255810796
3104899452
8547944963
8582329634
5148574698
7493425059
0994280607
1555235997
5599363528
0067871241
1041794997
0952732963
6504350607
8908608022
0406177651
5049795603
9580647315
6116724425
0670265409
3993747770
6542854072
9932343988
2875417915
5762054359
8554007173
6194399953
8434907233
4790168374
0053625909
7561385874
6629366124
3996213436
6768844386
1115809623
7754120868
5929246688
5170453710
7421315676
0098738344
9976567930
3796076989
0366097541
3184268062
1953100016
3407500558
7999672251
9618392392
6728966298
8238431286
4584431222
1635530218
6160096647
7499281515
0589206633
7315940384
9239127232
9437490828
7333799807
0293362573
0520086785
4895543916
477835383
4577757591
2477049422
0495756527
3680246493
8325026160
4939617117
7439147932
7737320574
4573936949
3655433686
1458490218
7537997393
0593100226
1523089509
5262017557
5806089101
6413174068
6226352201
4416111994
9634723705
1039439963
8327531751
5164522217
1278470942
6792859671
0202706684
2071224286
3114023740
4504272457
1993413730
0475865519
4114993232
5034218734
9419756941
9975181905
0473551151
5882370977
0680047770
3838723539
1988062217
1944640906
7965710576
0061946007
5503507363
5033928264
0898064722
0121779722
3625208009
7930344094
1559370436
5891728420
9285174421
2991362979
8873713370
8668727553
6917625457
8860113541
8158484293
4784166963
6635693358
7540733907
8185475845
7730606740
5048087607
1529672876
0274860908
4811363336
0360823944
8815479061
5651934990
7020150293
3485229923
5813027918
3490622916
2684324549
566355993
9868358044
8264963894
9002926794
4009494971
3631956898
4187063328
7681212635
3338011943
8792046518
0170652933
2085979292
1609252090
2279409834
5030635513
2185099835
7392571926
7235738937
2684729760
8063209854
1934463710
5727976238
1491070503
3034549562
6012193837
6581446374
3079145804
7388113710
2586287273
3113542264
2436140104
2834970543
3648290502
6555965994
4624419596
8521440228
1030800075
8220174657
1420815767
3071165377
9721392815
6287113942
9344015178
9475541034
3379930903
5906827978
5870262708
4264418533
2573946054
8689701695
2263621250
7908886953
7034016922
6061335104
3836400829
3879693186
6852210191
8414539616
1568691929
578792002
5706695689
8110718307
2011185967
6098901123
9073154110
5557315102
7486509055
9029130723
4676252109
5018327119
8547723445
7324307296
6760545389
4409353035
6204085867
3639152874
5959630151
7514385241
8782360250
4930764073
8086396231
4918474587
6869533095
8249665813
7690641316
8296544612
6713818029
3265101260
3522106175
9730714615
9568009338
5248124103
0217952609
9352402230
1492962592
6801346224
6170543895
1239205348
9077836698
1811286022
2352359463
4659126116
6281137491
7917377504
7890842252
1265902927
5181595025
1433399528
5977773240
8257908460
1622464967
3303606727
1423939292
8634612741
3926479237
0094995568
0539574203
8891946872
5254756748
2378555880
6214931093
0463909988
2483132048
8968599282
9456342834
6476593454
3290157278
3309762374
5201956846
7493136298
1719578547
9123769590
4521053670
1556386599
0430125475
4727502331
1763543387
9685838756
0449561658
5931945211
1086934464
0767450646
7291374822
Error: 064594518
6396086197
2336539665
1437603354
1429612427
Error: 093101494
1171276438
0647248785
1458464107
Error: 742198317
5301518818
4338106564
1710960439
0084247636